$ANSIBLE_VAULT;1.1;AES256
64623461393835333333316463393735666430343737623830663964666464623261333835333565
3236656662346532333061313330663631663261396535660a326362363835363664623339363433
30616364663631356633613130613635636462613230666436623762653961343931323065616237
6164386231376236620a303130343466653433353563656161353730373861633765396661663135
32373335663865303435643838656465396638646631376531666334613964356563373432346333
64383861636334633866363431623663636639333266643938333132643337346134396330323863
35393261633935336235633630386331656330663430633432393138363739613836373637613436
36363838646266306261306533316634633431633831626139303639626433666236363732386630
37643362636161346534323430633934653232383462323033663063366239336435333033383335
61333439616233363831363438316338386662663537636634336530303833373831663265333461
38656530393634656338663731373737383362306462366362333662656530393135383039306335
38623835663430396438303964333261666262613034626237346265613035643634636266303232
65613239323265653438356539343366663437343330343335336230343730613638643231346338
33303332383438633837633336643665623561313832343730396639623131636335336361353638
39613162313365316432653732643562386466623863643462356639303230303431393638626363
33313463653235626439366632353230316138333634313337303964363562653966653439623330
39316438653164373661383032336131376263643539393039343464663864643861366132393762
66356633376161323832323965633739326333643666393930626435323930373561623938393538
35663130353532323639353666633532306265623436666366373038393833653566333863656465
34313836616663383431346562636136333436626532613834653637633966326361343039363464
31373233383261653933393666636537363161633036386638656461383164393234313033356661
37396535643739323139356364316266373830313166666264646139663261613766303365363935
62356665663664613661643839363532313030323433363965653365633264663931396434633630
36313436656465343238303530323166366432353633343765633232646631343464616331363763
66376438663766356366326332373462663137623435643131623831333138666266623966656466
64616165373965626133646363393334363938346663363961363037653430636632366339613531
61306339613430313033393535313933636336386162346466346138363339316364646338313739
39613238393930323164383634396436393363323561306561636461316666656238353361396432
65343466396131303837633534663535396231616263626134356261636539626663613962613864
36336638326463656330353136383262343231383832623337613662616365323832616233303030
64303030623664366635323732313837623166613261616134343361643139323137633136613561
30343762343030343231383864386662663261643231383262303761396438363266653365323164
39613666393437363236396336376561623139306232626262383863626537333530353137313464
35663930313034643661613565386334313038376336663961663735643663616538663463323630
66316231643365326662303937343964666232636330343464383634653630386264323163353338
37393733376336616334313835323365323737316339343539363039383363363631313830366435
65636461313361663731623836353831386364626131623539333430396330666430363965613231
63626361646161363165656434616231353339393839353239616662306366363261663631326234
66303366353233646463343264333332353333313435393632666236393233393435633535646235
66393132356530343434666231633935366665323566326232633965316666626533336366626564
30396432326431323461383364643935316436313831313865343162653139613838623461323133
34313339306434623565366135613937373533623232343736386366636334353036373135326336
35376466636362616635306339363830303733343934613136396136376666623139313336356430
63393036643065613737343936316131636234373831313639613033653037633132326136623063
31666265363434383631333438613464366334373934613935363831663734643934616131333037
32303865323863373935663464636531373732383665646266656461393034393836366635343536
38623134336466396566393931393732333035633130313330613430386537306437333466663737
61633365643439393562376331326563303336323563356135396464656162623861303330633832
30363563303165636439346666366632316139623161363935643766313931633836386665653761
31376361613133363736363637366265376566353733313433383433336261353764336265343264
39653561343531613365643763656263663561393166383532306266336137386564623439666465
38633633616438636164626137306362363430656461636234356232326339363564623631653563
39326531353239323432343234353233643039666663613631313238643563333761613337636166
31636639336463343736663530643564643739383936316139656364326533346136353335333962
62623330636636396134623335353138623839363139313131653634393433396162373463613635
33663963633538356331393066613061613435636131386531623164353039616336376431396630
65343531616162333135343533633563663833386361393964306431323530376131656666383062
33636136303338653237623663303564663634616636643262323333383733356433333063346132
30316435616531306265333538376363323861363231626162656130356539333632613061373236
34393764376136323630383166353961636331613331316533326264303662346462353662353933
38646537623536353237333461626235366638333632353765393331636236633039363463333566
39643039363164356364323730353163626631366533653538363663626566646464626439346464
32303836323935316663353938666464386337343061363837363639313930376563323730326431
36646136303339353066343234653732653936366333356664653461356561313065613562306135
32306232356463306631386330326537333031363864353232386631383337383365613563333533
65383630333232656464393832633762383434383865343038306338366364663731393037383364
62326666366261393333653036396535343862323166383532656265643335326139333532316565
31383961623864663432646636663437303236393231363438666562333734316134643036396533
36646639623262613665303531313033376136396463386661666136636630323231383165346137
65346630313666623364383932646264353963383839353236396665373237613161393834313364
61333239633234333366656638343431346534303162383463633036376236626638343264643433
31393234663566353231626166333438613538623035313831343630646137356664316639353561
39393561316338653662306531313436353063326433353962653936303833623661656630613363
62373038633332653732653837653832313037663532666137393466646165353833633265626432
35636139313732393134306336653661343735663330653933313034333534366538666532316463
34646538626564353939363831636430353832303130643736666337383734323530613934346265
33623134656436363066383966393765393332396231323166336463643162656366393737663462
38323731396339396632663937323035633564323139316138633566363935613762643237313564
39313661323132326134336136613664353636393064373434613837653132653662366531393566
64653835363532333966316535353463313466636461343364623366653932353163396165343064
63306134366164383137313831343064366431366532363133663131326465613732653930623331
66633533313665643561663030333136326264663233626238333066363035393366376430633865
32656566383837396131383762343335373135376661633562343531633064656433393838626439
36616361666364613636623166633831623939306439323663366432333861643065346631366362
32343231313866313836356136663838396466393764613332383836666536383833646435663836
62376531353238393666356136336536336564363463646630373831313433623266373438396562
38616637353566393338366130626264346437646133623965383336333831653737366266363334
37373832333661373362336634653433373432646636666436303738306434303735386239613832
32346632356465396633353165633032376366363663376266376537643865353065396339366335
62656561386463326334363139323566623865653363353466316366636233666634353061666234
38343063626634356461346330303239306331313766336561646338393566646335396130356565
34653537353962643133343131346232633062313530326537633963666431623733666664616639
65666631373234303361623366646566623039386633316534666435626138633938383434383366
33343834633761636266616536356265366265356530613163366632393861323238333366303834
64343031316132313236313334646132306136346361613830333862623731363762643837313762
34366336613639623435653465636361373933356136613432383364363936333639643535653031
39653964346436656564663864643163376339323331656433373037316665653630353864643162
63396236653731616461393363373963363963616231653330393265643733623037393963353263
35356161336233363337303238306563623263306162316430663531303966313065393866643134
30323335376236366561393831646138333536306563313562633733316535363264343531343132
31346232643931633666633331616266313964353431383033373233646136393533373739653937
36353935343037633562666363363739656162633363333337386462643635613462356431383636
31663066323135353834386462363066383663333732613662613962303637616437653165383132
63623137333839613165303036653232356133353939336663636139663263363466633062353531
34386166373530653632316636646665303930666431316439373064373738633131373037623962
63653231636164346562613832306635623334636338313066656232643763333136656131333637
38373635653362366663303632633135666237656132376235303338633138393733376630653764
63643966656265336438353866386263353063393835306561346430363335353533663836333666
37626663393935353830613962336361396166333438613961373330346537636630646461646532
31386538663639663738383731623662663133396466356636376131393666316231383337613666
31626539623366663364653363633366303162396632393033613566336165346135336137396331
39313033666638306234646431393964306533386462303936316266616566306464326637656636
31383164653335326130343031353161336364633862326332623735363530333437323232396264
33326332653564623131316131336664353364613732616565356437393766653363386230356534
33343361633733656137663432393439333862356564323535656232663432663864343866386330
34363461323831633762656139383663343036316636626365323733653966313164353939653264
65336236366533636665623663383831623034396232323034386537316234613364383038323034
37623435656666633833633566303831356363336461313638623061666333653065383334383164
63633262396466653831646434336438643338363131616333363934336239353665303834633639
66646638303536353633383164376330383435643562656539353161613837393134306338313166
62356536353935636462313432303331616238653237376562653463653636363666353432316438
34333235333632383237346530343834653431656162386537623666303035643533383431303034
64396131646562623538313737386466306266663334613961353437633139336539353432303361
64313236323463663939
